name: Atletic
latitude: 59.2762169
longitude: 15.2149909
radius: 125
icon: mdi:dumbbell