name: Home
latitude: 59.2794407
longitude: 15.2067112
radius: 125
icon: mdi:home