name: Stallet
latitude: 59.2832096874794
longitude: 15.08212512734828
radius: 125
icon: mdi:home-variant
