name: Friskis
latitude: 59.2765874
longitude: 15.2186601
radius: 125
icon: mdi:dumbbell