name: Work
latitude: 59.2824625
longitude: 15.2175722
radius: 125
icon: mdi:worker